Generic layers:   77
Optimized layers: 76

  #           Op    Numel Dtype |          Sum-G          Sum-O         ΔSum |    Min-G    Min-O    Max-G    Max-O | Status
---------------------------------------------------------------------------------------------------------------------------
  0     quantize    12288   int |    323620.0000    323620.0000       0.0000 |    10.00    10.00    43.00    43.00 | MATCH
  1       conv2d    65536   int |   -110763.0000   -110644.0000     119.0000 |   -45.00   -45.00    41.00    41.00 | ~minor
  2         relu    65536   int |  -7297106.0000  -7297077.0000      29.0000 |  -128.00  -128.00   -36.00   -36.00 | ~minor
  3   dequantize    65536   flt |     16090.0665     16090.4940       0.4275 |     0.00     0.00     1.36     1.36 | ~minor
  4      maxpool    16384   flt |      5802.3047       126.0964   -5676.2083 |     0.00     0.00     1.36     0.69 | **DIVERGE**
  5     quantize    16384   int |  -1717338.0000  -2088889.0000 -371551.0000 |  -128.00  -128.00   -39.00   -83.00 | **DIVERGE**
  6       conv2d    16384   int |    813742.0000   1217727.0000  403985.0000 |   -11.00     3.00    95.00   113.00 | **DIVERGE**
  7         relu    16384   int |  -1786662.0000   -656722.0000 1129940.0000 |  -128.00  -128.00    23.00    85.00 | **DIVERGE**
  8       conv2d    16384   int |   -432118.0000   -244391.0000  187727.0000 |  -114.00  -128.00    83.00   127.00 | **DIVERGE**
  9   dequantize    16384   flt |       173.5672      3352.4201    3178.8529 |    -1.47    -1.71     1.86     2.61 | **DIVERGE**
 10          add    16384   flt |      5975.8718      3478.5165   -2497.3553 |    -1.22    -1.71     2.39     2.67 | **DIVERGE**
 11     quantize    16384   int |   -585526.0000   -697046.0000 -111520.0000 |  -106.00  -128.00    55.00    67.00 | **DIVERGE**
 12         relu    16384   int |  -1679769.0000  -1646493.0000   33276.0000 |  -128.00  -128.00    24.00    41.00 | **DIVERGE**
 13       conv2d    16384   int |     91771.0000    315480.0000  223709.0000 |   -85.00   -94.00   108.00   127.00 | **DIVERGE**
 14         relu    16384   int |  -1912157.0000  -1399543.0000  512614.0000 |  -128.00  -128.00    87.00   127.00 | **DIVERGE**
 15       conv2d    16384   int |    675641.0000    565615.0000 -110026.0000 |   -40.00  -128.00   112.00   127.00 | **DIVERGE**
 16   dequantize    16384   flt |      6580.9667      7105.6365     524.6698 |     0.00     0.00     2.40     2.66 | **DIVERGE**
 17   dequantize    16384   flt |       932.0256     -1864.8391   -2796.8647 |    -2.01    -4.25     1.86     2.24 | **DIVERGE**
 18          add    16384   flt |      7512.9922      5240.7974   -2272.1948 |    -1.69    -4.25     3.04     4.84 | **DIVERGE**
 19     quantize    16384   int |     40178.0000    -27093.0000  -67271.0000 |   -61.00  -128.00    78.00   127.00 | **DIVERGE**
 20         relu    16384   int |  -1673237.0000  -1543543.0000  129694.0000 |  -128.00  -128.00    27.00   113.00 | **DIVERGE**
 21       conv2d     8192   int |     69671.0000    -20685.0000  -90356.0000 |   -57.00  -128.00    92.00   127.00 | **DIVERGE**
 22       conv2d     8192   int |     61342.0000     41036.0000  -20306.0000 |   -65.00  -128.00    82.00   127.00 | **DIVERGE**
 23         relu     8192   int |   -948481.0000   -897171.0000   51310.0000 |  -128.00  -128.00    29.00   126.00 | **DIVERGE**
 24       conv2d     8192   int |   -104087.0000   -152359.0000  -48272.0000 |   -65.00  -128.00   111.00   127.00 | **DIVERGE**
 25   dequantize     8192   flt |       239.3643     -1515.1582   -1754.5225 |    -1.24    -2.62     1.65     2.33 | **DIVERGE**
 26   dequantize     8192   flt |       467.2713      -368.6049    -835.8762 |    -0.85    -1.94     2.20     2.48 | **DIVERGE**
 27          add     8192   flt |       706.6356     -1883.7632   -2590.3988 |    -1.42    -3.21     2.45     3.30 | **DIVERGE**
 28     quantize     8192   int |    120120.0000      9891.0000 -110229.0000 |   -49.00  -125.00   115.00   127.00 | **DIVERGE**
 29         relu     8192   int |   -905223.0000   -892653.0000   12570.0000 |  -128.00  -128.00   101.00   127.00 | **DIVERGE**
 30       conv2d     8192   int |     70421.0000     44593.0000  -25828.0000 |   -87.00  -106.00   104.00   127.00 | **DIVERGE**
 31         relu     8192   int |   -988571.0000   -933839.0000   54732.0000 |  -128.00  -128.00    74.00   127.00 | **DIVERGE**
 32       conv2d     8192   int |     76305.0000    -39527.0000 -115832.0000 |  -106.00  -128.00   127.00   127.00 | **DIVERGE**
 33   dequantize     8192   flt |      1537.2139      1672.0055     134.7916 |     0.00     0.00     2.46     2.73 | **DIVERGE**
 34   dequantize     8192   flt |      -963.1627     -2531.1667   -1568.0040 |    -1.68    -1.98     1.48     1.48 | **DIVERGE**
 35          add     8192   flt |       574.0513      -859.1612   -1433.2125 |    -1.57    -1.98     3.67     4.11 | **DIVERGE**
 36     quantize     8192   int |   -309688.0000   -374749.0000  -65061.0000 |  -112.00  -128.00   126.00   127.00 | **DIVERGE**
 37         relu     8192   int |   -950097.0000   -920505.0000   29592.0000 |  -128.00  -128.00   125.00   126.00 | **DIVERGE**
 38       conv2d     4096   int |     97381.0000     51866.0000  -45515.0000 |  -128.00  -128.00    82.00   127.00 | **DIVERGE**
 39       conv2d     4096   int |     69835.0000      9981.0000  -59854.0000 |   -84.00  -128.00   127.00   127.00 | **DIVERGE**
 40         relu     4096   int |   -451967.0000   -408344.0000   43623.0000 |  -128.00  -128.00   127.00   127.00 | **DIVERGE**
 41       conv2d     4096   int |    -33645.0000    -34437.0000    -792.0000 |   -74.00  -128.00   127.00   127.00 | **DIVERGE**
 42   dequantize     4096   flt |      -137.7395      -383.6007    -245.8612 |    -0.85    -0.85     0.28     0.52 | **DIVERGE**
 43   dequantize     4096   flt |        47.1603        35.5570     -11.6033 |    -0.95    -1.74     1.99     1.99 | **DIVERGE**
 44          add     4096   flt |       -90.5792      -348.0437    -257.4645 |    -1.39    -2.44     1.59     2.43 | **DIVERGE**
 45     quantize     4096   int |    113281.0000     97279.0000  -16002.0000 |   -55.00  -119.00   126.00   127.00 | **DIVERGE**
 46         relu     4096   int |   -451122.0000   -411651.0000   39471.0000 |  -128.00  -128.00   124.00   126.00 | **DIVERGE**
 47       conv2d     4096   int |    100196.0000     58436.0000  -41760.0000 |  -128.00  -128.00   127.00   127.00 | **DIVERGE**
 48         relu     4096   int |   -461575.0000   -440937.0000   20638.0000 |  -128.00  -128.00   125.00   125.00 | **DIVERGE**
 49       conv2d     4096   int |    154593.0000    121288.0000  -33305.0000 |  -125.00  -128.00   127.00   127.00 | **DIVERGE**
 50   dequantize     4096   flt |       464.1130       714.4890     250.3760 |     0.00     0.00     1.60     1.61 | **DIVERGE**
 51   dequantize     4096   flt |      -522.7592      -937.1469    -414.3877 |    -2.15    -2.19     0.98     0.98 | **DIVERGE**
 52          add     4096   flt |       -58.6462      -222.6579    -164.0117 |    -2.15    -2.19     1.70     2.37 | **DIVERGE**
 53     quantize     4096   int |    122638.0000    109738.0000  -12900.0000 |  -126.00  -128.00   127.00   127.00 | **DIVERGE**
 54         relu     4096   int |   -430023.0000   -396724.0000   33299.0000 |  -128.00  -128.00   126.00   126.00 | **DIVERGE**
 55       conv2d     2048   int |    -18930.0000    -37192.0000  -18262.0000 |  -118.00  -128.00   123.00   127.00 | **DIVERGE**
 56       conv2d     2048   int |     22910.0000    -47654.0000  -70564.0000 |  -111.00  -128.00   127.00   127.00 | **DIVERGE**
 57         relu     2048   int |   -211444.0000   -225500.0000  -14056.0000 |  -128.00  -128.00   123.00   123.00 | **DIVERGE**
 58       conv2d     2048   int |    -74853.0000    -86685.0000  -11832.0000 |  -128.00  -128.00    87.00    89.00 | **DIVERGE**
 59   dequantize     2048   flt |      -363.8725      -552.0426    -188.1701 |    -1.30    -1.40     1.18     1.23 | **DIVERGE**
 60   dequantize     2048   flt |      -211.7816      -354.8966    -143.1150 |    -1.21    -1.21     1.39     1.42 | **DIVERGE**
 61          add     2048   flt |      -575.6541      -906.9392    -331.2851 |    -1.61    -2.59     1.95     1.73 | **DIVERGE**
 62     quantize     2048   int |    -53199.0000    -74122.0000  -20923.0000 |  -111.00  -128.00   117.00   103.00 | **DIVERGE**
 63         relu     2048   int |   -247046.0000   -242633.0000    4413.0000 |  -128.00  -128.00   108.00    81.00 | **DIVERGE**
 64       conv2d     2048   int |      7446.0000      1463.0000   -5983.0000 |   -85.00  -119.00    72.00    99.00 | **DIVERGE**
 65         relu     2048   int |   -243502.0000   -240438.0000    3064.0000 |  -128.00  -128.00    -2.00    61.00 | **DIVERGE**
 66       conv2d     2048   int |    -97960.0000    -78080.0000   19880.0000 |  -108.00  -108.00    92.00   122.00 | **DIVERGE**
 67   dequantize     2048   flt |       125.3190       161.9485      36.6295 |     0.00     0.00     1.96     1.73 | **DIVERGE**
 68   dequantize     2048   flt |      -664.4415       159.0683     823.5098 |    -2.82    -2.82     5.47     6.71 | **DIVERGE**
 69          add     2048   flt |      -539.1225       321.0168     860.1393 |    -2.82    -2.82     6.45     7.95 | **DIVERGE**
 70     quantize     2048   int |   -110139.0000    -91253.0000   18886.0000 |  -110.00  -110.00    94.00   126.00 | **DIVERGE**
 71         relu     2048   int |   -244487.0000   -228003.0000   16484.0000 |  -128.00  -128.00    78.00   125.00 | **DIVERGE**
 72   dequantize     2048   flt |       553.6889      1070.5949     516.9060 |     0.00     0.00     6.46     7.93 | **DIVERGE**
 73         mean      512   flt |       138.4222       267.6487     129.2265 |     0.00     0.00     6.37     7.78 | **DIVERGE**
 74     quantize      512   int |    -60976.0000    -56726.0000    4250.0000 |  -128.00  -128.00    82.00   127.00 | **DIVERGE**
 75 linear/dequantize     1000   int |    -37991.0000        -0.6518   37990.3482 |  -106.00    -6.16    44.00    10.14 | **DIVERGE**

Summary: 1 MATCH, 3 minor, 72 DIVERGE

======================================================================
FIRST DIVERGENCE at layer #4: maxpool (numel=16384)
======================================================================
  Generic op:   max_pool2d
  Optimized op: max_pool2d
  Generic   first: [0.1916,0.3833,0.3833,0.3833,0.3833,0.3833,0.6339,0.3390,0.5602,0.5602,0.4128,0.3685,0.4422,0.4128,0.1916,0.5012]
  Optimized first: [0.1916,0.3833,0.3833,0.3833,0.3833,0.3833,0.6339,0.3390,0.5602,0.5602,0.4128,0.3685,0.4422,0.4128,0.1916,0.5012]
  Elem diffs:      [0,0,0,0,0,0,0,0,0,0,0,0,0,0,0,0]
  Sum:    generic=5802.3047  optimized=126.0964  delta=-5676.2083
  Min:    generic=0.0000  optimized=0.0000
  Max:    generic=1.3562  optimized=0.6928

  Previous layer #3: dequantize (numel=65536)
    Sum delta: 0.4275
    Max elem diff (first 16): 0.000000

WARNING: Layer count mismatch (generic=77, optimized=76)
  Extra generic layers: ['dequantize']
